

试管盖盖子
A1=joint [1.8224948644638062, 0.21210311353206635, -1.9718234539031982, 0.18890708684921265, 1.568194031715393, -0.5321159362792969]
pose [-0.019687077030539513, -0.5766299366950989, 0.5387135148048401, -3.1415886878967285, -3.997909516328946e-05, -3.1415398120880127]

# 取样品
A1=joint [1.1156413555145264, -0.6504495143890381, -1.5979516506195068, -0.8916864991188049, -1.1821017265319824, -0.7895250916481018]
pose [-0.5873409509658813, -0.7318648099899292, 0.16850842535495758, 1.5708409547805786, 5.678902016370557e-05, -0.8439730405807495]
#放
joint [2.3439643383026123, -0.2811316251754761, -1.8383551836013794, -1.0252866744995117, 0.7851687669754028, -0.7808245420455933]
pose [0.22368350625038147, -0.5780935883522034, 0.3284507691860199, 1.5708550214767456, -2.1817550077685155e-06, -1.5822116136550903]

