~~~~~~~~~` <DucoCobot.DucoCobot object at 0x7f8542d86d90>
开始取样品操作
recognize aruco
识别到错误的aruco码
send_command= [-0.593312042330439, -0.7995552889463067, 0.21282240115446815, 1.5626024802793435, 0.0016759474507652694, 0.006264531460108563]
send_command= [-0.5932714374445271, -0.7995868435375076, 0.21293072500032562, 1.5628729777908668, 0.0016395844225349787, 0.006129132934425151]
send_command= [-0.5932790408971254, -0.7996099269341485, 0.2130465760843157, 1.56328410834504, 0.0015777256595730371, 0.006127070734656734]
send_command= [-0.5933556693177735, -0.7995815922665788, 0.21293239858688134, 1.5628849930522555, 0.0016331018640360906, 0.00635690714521907]
send_command= [-0.5932612715657242, -0.7995450228828663, 0.2129189664198093, 1.562839203396844, 0.0016595609333829309, 0.0061134438891435865]
二维码识别完成
self.getA1 [-0.641642489370832, -0.7855172519366118, 0.1704983311318906, 1.575108406066044, -3.972937155594103e-05, -0.8425673609440198]
self.getA2 [-0.7071664508398579, -0.784622251322809, 0.17147925504693434, 1.5751247460226672, -3.6044778302990466e-05, -0.8425788009436117]
self.getB1 [-0.6425849716328867, -0.8506817065140143, 0.1704879377128306, 1.5701377359119115, -0.0009516151084338897, -0.8425663051225015]
self.getB2 [-0.6577469309848188, -0.9364740292856726, 0.16784238204287286, 1.572460517260821, -0.000753301317745203, -1.2527014828735743]
self.getC1 [-0.5936966773797298, -1.002759364670705, 0.16961066745687284, 1.5705880220813544, -0.0011051482258472856, -1.2546353403585757]
self.getC2 [-0.6587726117493666, -1.0013386902407626, 0.16940461179612837, 1.5705825527863089, -0.0011306499785133095, -1.2546540523165546]
sia@sia:~/YuLin_lab/src/DucoCobotAPI_py$ python3 lab.py 
~~~~~~~~~` <DucoCobot.DucoCobot object at 0x7fb9865711c0>
开始取样品操作
recognize aruco
send_command= [-0.5932446973036287, -0.7995747904372822, 0.212936178985128, 1.5629449210452087, 0.0016352928958052182, 0.0060098038565964415]
send_command= [-0.5933233621516497, -0.7995749875996182, 0.21292090740854147, 1.562933746934992, 0.0016263494299109116, 0.006264870683971395]
send_command= [-0.5933557412235397, -0.7995404611421091, 0.21291882508859325, 1.5628416055142564, 0.0016776127025974752, 0.006391307675728263]
send_command= [-0.5932112820122803, -0.7995577105429186, 0.21296245140944564, 1.5630864486856206, 0.0016108539689885237, 0.005962698844137616]
send_command= [-0.5932860840402494, -0.7995438267619395, 0.2128641285000391, 1.5626958931380825, 0.0016481234389391641, 0.006169667640981206]
二维码识别完成
self.getA1 [-0.6416745426551387, -0.7855194262530704, 0.17047679196983506, 1.5749882618770752, -0.00015297100592026602, -0.8425436995485674]
self.getA2 [-0.707198511241155, -0.7846258138614864, 0.1714585058041883, 1.5750046031290885, -0.0001492877869833098, -0.8425551399909433]
self.getB1 [-0.6426154838612567, -0.850683903928718, 0.1704771302934665, 1.5700175915364318, -0.0010648566089233036, -0.842542534169233]
self.getB2 [-0.6577754519608139, -0.9364770192180769, 0.16784590264917587, 1.5723954900229407, -0.0009050568944102277, -1.2526777791357429]
self.getC1 [-0.5937236053824052, -1.0027605481378201, 0.16962417459950901, 1.5705232884134408, -0.0012570292713680598, -1.2546116140828627]
self.getC2 [-0.6587995762738187, -1.001341446577168, 0.16941881600350156, 1.5705178219594405, -0.0012825322349643287, -1.2546303243940402]

取样品
试管架放
C1 pose [-0.15494093298912048, -0.8207545876502991, 0.33924931287765503, 1.5707672834396362, 2.6645982870832086e-05, 3.141585111618042]
posej [1.5838104486465454, -0.6997160315513611, -1.1676387786865234, -1.2743111848831177, 1.5824198722839355, -0.7881619334220886]
C2 pose [-0.15494634211063385, -0.8835821151733398, 0.33949801325798035, 1.5709471702575684, 4.7585850552422926e-05, -3.1415650844573975]
posej [1.5828756093978882, -0.8141413927078247, -0.9655008316040039, -1.3618559837341309, 1.581557035446167, -0.7884136438369751]
B2 pose [0.15803617238998413, -0.6398675441741943, 0.34101516008377075, 1.571157693862915, -0.0003957058070227504, -1.5707964897155762]
posej [2.2154629230499268, -0.30411675572395325, -1.781470775604248, -1.0530943870544434, 0.6430963277816772, -0.7885334491729736]
B1 pose [0.15803515911102295, -0.5748568177223206, 0.3407910466194153, 1.5709556341171265, -9.337999654235318e-05, -1.5707823038101196]
posej [2.2785000801086426, -0.2141392081975937, -1.900474190711975, -1.0248476266860962, 0.7061094045639038, -0.7879582047462463] 
A2 pose [0.22304388880729675, -0.6398851275444031, 0.3408247232437134, 1.5709757804870605, -0.00013140194641891867, -1.570784330368042]
posej [2.2887585163116455, -0.34622934460639954, -1.7229278087615967, -1.0698963403701782, 0.7164038419723511, -0.7884136438369751]
A1 pose [0.22306782007217407, -0.5749231576919556, 0.34069401025772095, 1.570814609527588, 2.5617959181545302e-05, -1.5707963705062866]
posej [2.354503870010376, -0.2611652910709381, -1.840205430984497, -1.038557529449463, 0.7820654511451721, -0.7878983020782471]



试管架取
A1  pose [-0.15495067834854126, -0.8207182288169861, 0.19935764372348785, 1.5707206726074219, 3.546402876963839e-05, -3.1415910720825195]
posej [1.5838583707809448, -0.7937562465667725, -1.2674434185028076, -1.0804903507232666, 1.5828512907028198, -0.7882218956947327]
A2 pose [-0.15495380759239197, -0.8835901618003845, 0.19936208426952362, 1.5707207918167114, 4.465566235012375e-05, -3.1415822505950928]
posej [1.582959532737732, -0.8953345417976379, -1.075456142425537, -1.1709113121032715, 1.582012414932251, -0.7884376049041748]
B2 pose [0.15803466737270355, -0.6398624777793884, 0.20083113014698029, 1.57086181640625, -6.9180359787424095e-06, -1.5707979202270508]
posej [2.2154269218444824, -0.4457103908061981, -1.8790223598480225, -0.8141409754753113, 0.6434438824653625, -0.7887251973152161]
B1 pose [0.1580297201871872, -0.574856162071228, 0.20085518062114716, 1.5707998275756836, 7.524282409576699e-05, -1.5707906484603882]
posej [2.278439998626709, -0.3688795268535614, -2.0019445419311523, -0.768744707107544, 0.7064210176467896, -0.7881619334220886]
C2 pose [0.2230364829301834, -0.6398715376853943, 0.20087479054927826, 1.5709155797958374, -6.432332884287462e-05, -1.5707952976226807]
posej [2.2887344360351562, -0.48190274834632874, -1.8191251754760742, -0.8380734324455261, 0.7167633771896362, -0.7885934114456177]
C1 pose [0.22305577993392944, -0.5748451352119446, 0.2008548080921173, 1.5709035396575928, -4.972443275619298e-05, -1.5707769393920898]
posej [2.3544678688049316, -0.4082956314086914, -1.9394828081130981, -0.791754424571991, 0.7824729084968567, -0.7880780696868896]

